ZONE I= 1 F=POINT
  0.000 200.000
ZONE I= 3 F=POINT
  0.000 200.000
  0.000 201.000
  0.000 199.000
ZONE I= 6 F=POINT
  0.000 200.000
  0.000 201.000
  0.000 199.000
  0.000 204.000
  0.000 196.000
  1.000 200.000
ZONE I= 10 F=POINT
  0.000 200.000
  0.000 201.000
  0.000 199.000
  0.000 204.000
  0.000 196.000
  1.000 200.000
  0.000 207.000
  0.000 193.000
  1.000 199.000
  1.000 201.000
ZONE I= 15 F=POINT
  0.000 200.000
  0.000 201.000
  0.000 199.000
  0.000 204.000
  0.000 196.000
  1.000 200.000
  0.000 207.000
  0.000 193.000
  1.000 199.000
  1.000 201.000
  0.000 210.000
  0.000 190.000
  2.000 200.000
  2.000 199.000
  2.000 201.000
ZONE I= 23 F=POINT
  0.000 200.000
  0.000 201.000
  0.000 199.000
  0.000 204.000
  0.000 196.000
  0.000 207.000
  0.000 193.000
  1.000 199.000
  1.000 201.000
  0.000 210.000
  0.000 190.000
  2.000 200.000
  2.000 199.000
  2.000 201.000
  0.000 213.000
  0.000 187.000
  1.000 202.000
  1.000 198.000
  3.000 200.000
  2.000 198.000
  3.000 199.000
  3.000 201.000
  2.000 202.000
ZONE I= 34 F=POINT
  0.000 200.000
  0.000 201.000
  0.000 199.000
  0.000 204.000
  0.000 196.000
  0.000 207.000
  0.000 193.000
  1.000 199.000
  1.000 201.000
  0.000 210.000
  0.000 190.000
  2.000 200.000
  2.000 199.000
  2.000 201.000
  0.000 213.000
  0.000 187.000
  1.000 202.000
  1.000 198.000
  3.000 200.000
  2.000 198.000
  3.000 199.000
  3.000 201.000
  2.000 202.000
  0.000 216.000
  0.000 184.000
  1.000 203.000
  1.000 204.000
  1.000 196.000
  1.000 197.000
  3.000 202.000
  3.000 198.000
  4.000 200.000
  4.000 199.000
  4.000 201.000
ZONE I= 50 F=POINT
  0.000 200.000
  0.000 201.000
  0.000 199.000
  0.000 204.000
  0.000 196.000
  0.000 207.000
  0.000 193.000
  1.000 199.000
  1.000 201.000
  0.000 210.000
  0.000 190.000
  2.000 200.000
  2.000 199.000
  2.000 201.000
  0.000 213.000
  0.000 187.000
  1.000 202.000
  1.000 198.000
  2.000 198.000
  3.000 199.000
  3.000 201.000
  2.000 202.000
  0.000 216.000
  0.000 184.000
  1.000 203.000
  1.000 204.000
  1.000 196.000
  1.000 197.000
  3.000 202.000
  3.000 198.000
  4.000 200.000
  4.000 199.000
  4.000 201.000
  0.000 219.000
  0.000 181.000
  2.000 203.000
  1.000 205.000
  1.000 195.000
  2.000 197.000
  1.000 207.000
  1.000 193.000
  4.000 198.000
  4.000 202.000
  3.000 197.000
  3.000 203.000
  2.000 204.000
  2.000 196.000
  5.000 200.000
  5.000 199.000
  5.000 201.000
ZONE I= 75 F=POINT
  0.000 200.000
  0.000 201.000
  0.000 199.000
  0.000 204.000
  0.000 196.000
  0.000 207.000
  0.000 193.000
  1.000 199.000
  1.000 201.000
  0.000 210.000
  0.000 190.000
  2.000 200.000
  2.000 199.000
  2.000 201.000
  0.000 213.000
  0.000 187.000
  1.000 202.000
  1.000 198.000
  3.000 199.000
  3.000 201.000
  0.000 216.000
  0.000 184.000
  1.000 203.000
  1.000 204.000
  1.000 196.000
  1.000 197.000
  3.000 202.000
  3.000 198.000
  4.000 200.000
  4.000 199.000
  4.000 201.000
  0.000 219.000
  0.000 181.000
  2.000 203.000
  1.000 205.000
  1.000 195.000
  2.000 197.000
  1.000 207.000
  1.000 193.000
  4.000 198.000
  4.000 202.000
  3.000 197.000
  3.000 203.000
  2.000 204.000
  2.000 196.000
  5.000 199.000
  5.000 201.000
  0.000 222.000
  0.000 178.000
  5.000 198.000
  1.000 206.000
  1.000 194.000
  4.000 197.000
  5.000 202.000
  1.000 208.000
  1.000 210.000
  1.000 190.000
  1.000 192.000
  4.000 203.000
  3.000 204.000
  2.000 205.000
  2.000 195.000
  3.000 196.000
  6.000 200.000
  6.000 199.000
  6.000 201.000
  2.000 206.000
  2.000 207.000
  2.000 194.000
  5.000 197.000
  5.000 203.000
  4.000 196.000
  4.000 204.000
  6.000 198.000
  6.000 202.000
ZONE I= 111 F=POINT
  0.000 200.000
  0.000 201.000
  0.000 199.000
  0.000 204.000
  0.000 196.000
  0.000 207.000
  0.000 193.000
  1.000 199.000
  1.000 201.000
  0.000 210.000
  0.000 190.000
  2.000 200.000
  2.000 199.000
  2.000 201.000
  0.000 213.000
  0.000 187.000
  1.000 202.000
  1.000 198.000
  3.000 199.000
  3.000 201.000
  0.000 216.000
  0.000 184.000
  1.000 203.000
  1.000 204.000
  1.000 196.000
  1.000 197.000
  3.000 202.000
  3.000 198.000
  4.000 200.000
  4.000 199.000
  4.000 201.000
  0.000 219.000
  0.000 181.000
  2.000 203.000
  1.000 205.000
  1.000 195.000
  2.000 197.000
  1.000 207.000
  1.000 193.000
  4.000 202.000
  3.000 197.000
  3.000 203.000
  2.000 196.000
  5.000 199.000
  5.000 201.000
  0.000 222.000
  0.000 178.000
  5.000 198.000
  1.000 206.000
  1.000 194.000
  4.000 197.000
  5.000 202.000
  1.000 208.000
  1.000 210.000
  1.000 190.000
  1.000 192.000
  4.000 203.000
  3.000 204.000
  2.000 205.000
  2.000 195.000
  3.000 196.000
  6.000 200.000
  6.000 199.000
  6.000 201.000
  2.000 206.000
  2.000 207.000
  2.000 194.000
  5.000 197.000
  5.000 203.000
  4.000 196.000
  4.000 204.000
  6.000 202.000
  0.000 225.000
  0.000 175.000
  3.000 195.000
  3.000 205.000
  2.000 193.000
  1.000 209.000
  1.000 191.000
  1.000 213.000
  1.000 187.000
  7.000 200.000
  6.000 197.000
  7.000 199.000
  7.000 201.000
  6.000 203.000
  5.000 196.000
  5.000 204.000
  4.000 205.000
  4.000 195.000
  7.000 198.000
  7.000 202.000
  3.000 206.000
  3.000 194.000
  2.000 208.000
  1.000 211.000
  1.000 189.000
  2.000 192.000
  6.000 204.000
  6.000 196.000
  7.000 197.000
  8.000 200.000
  8.000 199.000
  8.000 201.000
  7.000 203.000
  3.000 207.000
  3.000 193.000
  5.000 195.000
  5.000 205.000
  8.000 198.000
  8.000 202.000
ZONE I= 162 F=POINT
  0.000 200.000
  0.000 201.000
  0.000 199.000
  0.000 204.000
  0.000 196.000
  0.000 207.000
  0.000 193.000
  1.000 199.000
  1.000 201.000
  0.000 210.000
  0.000 190.000
  2.000 200.000
  2.000 199.000
  2.000 201.000
  0.000 213.000
  0.000 187.000
  1.000 202.000
  1.000 198.000
  3.000 199.000
  3.000 201.000
  0.000 216.000
  0.000 184.000
  1.000 203.000
  1.000 204.000
  1.000 196.000
  1.000 197.000
  3.000 202.000
  3.000 198.000
  4.000 200.000
  4.000 199.000
  4.000 201.000
  0.000 219.000
  0.000 181.000
  2.000 203.000
  1.000 205.000
  1.000 195.000
  2.000 197.000
  1.000 207.000
  1.000 193.000
  3.000 197.000
  3.000 203.000
  5.000 199.000
  5.000 201.000
  0.000 222.000
  0.000 178.000
  5.000 198.000
  1.000 206.000
  1.000 194.000
  4.000 197.000
  5.000 202.000
  1.000 208.000
  1.000 210.000
  1.000 190.000
  1.000 192.000
  4.000 203.000
  3.000 204.000
  2.000 205.000
  2.000 195.000
  3.000 196.000
  6.000 200.000
  6.000 199.000
  6.000 201.000
  2.000 207.000
  5.000 197.000
  5.000 203.000
  4.000 204.000
  0.000 225.000
  0.000 175.000
  3.000 195.000
  3.000 205.000
  2.000 193.000
  1.000 209.000
  1.000 191.000
  1.000 213.000
  1.000 187.000
  6.000 197.000
  7.000 199.000
  7.000 201.000
  6.000 203.000
  5.000 196.000
  5.000 204.000
  4.000 205.000
  4.000 195.000
  7.000 198.000
  7.000 202.000
  3.000 206.000
  3.000 194.000
  2.000 208.000
  1.000 211.000
  1.000 189.000
  2.000 192.000
  6.000 196.000
  7.000 197.000
  8.000 200.000
  8.000 199.000
  8.000 201.000
  7.000 203.000
  3.000 207.000
  3.000 193.000
  5.000 195.000
  5.000 205.000
  8.000 202.000
  0.000 228.000
  0.000 172.000
  4.000 206.000
  2.000 209.000
  2.000 191.000
  2.000 210.000
  2.000 190.000
  1.000 212.000
  1.000 188.000
  1.000 216.000
  1.000 184.000
  1.000 186.000
  4.000 194.000
  7.000 196.000
  7.000 204.000
  3.000 208.000
  6.000 195.000
  6.000 205.000
  8.000 197.000
  8.000 203.000
  3.000 192.000
  5.000 194.000
  9.000 199.000
  9.000 200.000
  9.000 201.000
  5.000 206.000
  4.000 207.000
  4.000 193.000
  9.000 202.000
  7.000 195.000
  8.000 204.000
  7.000 205.000
  2.000 211.000
  1.000 214.000
  2.000 189.000
  8.000 196.000
  9.000 198.000
  6.000 194.000
  9.000 197.000
  9.000 203.000
  6.000 206.000
  5.000 207.000
  4.000 208.000
  3.000 209.000
  3.000 191.000
  5.000 193.000
  8.000 205.000
  8.000 195.000
  9.000 196.000
 10.000 200.000
 10.000 199.000
 10.000 201.000
 10.000 198.000
 10.000 202.000
  9.000 204.000
  4.000 192.000
  7.000 194.000
  7.000 206.000
 10.000 197.000
 10.000 203.000
ZONE I= 228 F=POINT
  0.000 200.000
  0.000 201.000
  0.000 199.000
  0.000 204.000
  0.000 196.000
  0.000 207.000
  0.000 193.000
  1.000 199.000
  1.000 201.000
  0.000 210.000
  0.000 190.000
  2.000 200.000
  2.000 199.000
  2.000 201.000
  0.000 213.000
  0.000 187.000
  1.000 202.000
  1.000 198.000
  3.000 199.000
  3.000 201.000
  0.000 216.000
  0.000 184.000
  1.000 203.000
  1.000 204.000
  1.000 196.000
  1.000 197.000
  3.000 202.000
  3.000 198.000
  4.000 200.000
  4.000 199.000
  4.000 201.000
  0.000 219.000
  0.000 181.000
  2.000 203.000
  1.000 205.000
  1.000 195.000
  2.000 197.000
  1.000 207.000
  1.000 193.000
  3.000 197.000
  3.000 203.000
  5.000 199.000
  5.000 201.000
  0.000 222.000
  0.000 178.000
  5.000 198.000
  1.000 206.000
  1.000 194.000
  4.000 197.000
  5.000 202.000
  1.000 208.000
  1.000 210.000
  1.000 190.000
  1.000 192.000
  4.000 203.000
  3.000 204.000
  2.000 205.000
  2.000 195.000
  3.000 196.000
  6.000 200.000
  6.000 199.000
  6.000 201.000
  2.000 207.000
  5.000 197.000
  5.000 203.000
  0.000 225.000
  0.000 175.000
  3.000 195.000
  3.000 205.000
  2.000 193.000
  1.000 209.000
  1.000 191.000
  1.000 213.000
  1.000 187.000
  6.000 197.000
  7.000 199.000
  7.000 201.000
  6.000 203.000
  5.000 196.000
  5.000 204.000
  4.000 205.000
  4.000 195.000
  7.000 198.000
  7.000 202.000
  3.000 206.000
  3.000 194.000
  1.000 211.000
  1.000 189.000
  6.000 196.000
  7.000 197.000
  8.000 200.000
  8.000 199.000
  8.000 201.000
  7.000 203.000
  3.000 207.000
  3.000 193.000
  5.000 195.000
  5.000 205.000
  0.000 228.000
  0.000 172.000
  2.000 209.000
  2.000 191.000
  2.000 210.000
  2.000 190.000
  1.000 212.000
  1.000 188.000
  1.000 216.000
  1.000 184.000
  1.000 186.000
  7.000 196.000
  7.000 204.000
  3.000 208.000
  6.000 195.000
  6.000 205.000
  8.000 197.000
  8.000 203.000
  3.000 192.000
  5.000 194.000
  9.000 199.000
  9.000 201.000
  5.000 206.000
  4.000 207.000
  4.000 193.000
  9.000 202.000
  7.000 195.000
  7.000 205.000
  2.000 211.000
  1.000 214.000
  2.000 189.000
  9.000 198.000
  9.000 197.000
  9.000 203.000
  5.000 207.000
  3.000 209.000
  3.000 191.000
  5.000 193.000
  8.000 205.000
  8.000 195.000
  9.000 196.000
 10.000 200.000
 10.000 199.000
 10.000 201.000
 10.000 202.000
  9.000 204.000
  7.000 194.000
  7.000 206.000
 10.000 197.000
 10.000 203.000
  0.000 231.000
  0.000 169.000
  2.000 212.000
  2.000 188.000
  2.000 213.000
  2.000 187.000
  1.000 215.000
  1.000 185.000
  1.000 217.000
  1.000 219.000
  1.000 181.000
  1.000 183.000
  6.000 193.000
 11.000 200.000
  6.000 207.000
  3.000 210.000
  3.000 190.000
  9.000 195.000
 11.000 199.000
 11.000 201.000
  9.000 205.000
 10.000 196.000
  8.000 194.000
 10.000 204.000
  8.000 206.000
  5.000 192.000
 11.000 198.000
 11.000 202.000
  5.000 208.000
  4.000 209.000
  4.000 191.000
  7.000 193.000
  7.000 207.000
 11.000 197.000
 11.000 203.000
 10.000 205.000
  9.000 194.000
 10.000 195.000
  6.000 208.000
  3.000 211.000
  3.000 189.000
  2.000 186.000
  6.000 192.000
  9.000 206.000
  4.000 210.000
  8.000 193.000
 12.000 200.000
  8.000 207.000
 11.000 196.000
 12.000 201.000
 11.000 204.000
  4.000 190.000
  5.000 191.000
 12.000 199.000
 12.000 198.000
 12.000 202.000
  5.000 209.000
 12.000 203.000
 10.000 206.000
  3.000 212.000
  2.000 214.000
  3.000 188.000
 10.000 194.000
 12.000 197.000
  7.000 192.000
  9.000 193.000
 11.000 195.000
 11.000 205.000
  7.000 208.000
  9.000 207.000
  6.000 209.000
 12.000 196.000
 12.000 204.000
  6.000 191.000
  8.000 192.000
 11.000 194.000
  8.000 208.000
 12.000 195.000
 13.000 200.000
 11.000 206.000
ZONE I= 310 F=POINT
  0.000 200.000
  0.000 201.000
  0.000 199.000
  0.000 204.000
  0.000 196.000
  0.000 207.000
  0.000 193.000
  1.000 199.000
  1.000 201.000
  0.000 210.000
  0.000 190.000
  2.000 200.000
  2.000 199.000
  2.000 201.000
  0.000 213.000
  0.000 187.000
  1.000 202.000
  1.000 198.000
  3.000 199.000
  3.000 201.000
  0.000 216.000
  0.000 184.000
  1.000 203.000
  1.000 204.000
  1.000 196.000
  1.000 197.000
  3.000 202.000
  3.000 198.000
  4.000 200.000
  4.000 199.000
  4.000 201.000
  0.000 219.000
  0.000 181.000
  2.000 203.000
  1.000 205.000
  1.000 195.000
  2.000 197.000
  1.000 207.000
  1.000 193.000
  3.000 197.000
  3.000 203.000
  5.000 199.000
  5.000 201.000
  0.000 222.000
  0.000 178.000
  5.000 198.000
  1.000 206.000
  1.000 194.000
  4.000 197.000
  5.000 202.000
  1.000 208.000
  1.000 210.000
  1.000 190.000
  1.000 192.000
  4.000 203.000
  3.000 204.000
  2.000 205.000
  2.000 195.000
  3.000 196.000
  6.000 200.000
  6.000 199.000
  6.000 201.000
  2.000 207.000
  5.000 197.000
  5.000 203.000
  0.000 225.000
  0.000 175.000
  3.000 195.000
  3.000 205.000
  2.000 193.000
  1.000 209.000
  1.000 191.000
  1.000 213.000
  1.000 187.000
  6.000 197.000
  7.000 199.000
  7.000 201.000
  6.000 203.000
  5.000 196.000
  5.000 204.000
  4.000 205.000
  4.000 195.000
  7.000 198.000
  7.000 202.000
  3.000 206.000
  3.000 194.000
  1.000 211.000
  1.000 189.000
  7.000 197.000
  8.000 200.000
  8.000 199.000
  8.000 201.000
  7.000 203.000
  3.000 207.000
  3.000 193.000
  5.000 195.000
  5.000 205.000
  0.000 228.000
  0.000 172.000
  2.000 209.000
  2.000 191.000
  2.000 190.000
  1.000 212.000
  1.000 188.000
  1.000 216.000
  1.000 184.000
  1.000 186.000
  7.000 196.000
  7.000 204.000
  3.000 208.000
  6.000 195.000
  6.000 205.000
  8.000 197.000
  8.000 203.000
  3.000 192.000
  5.000 194.000
  9.000 199.000
  9.000 201.000
  5.000 206.000
  4.000 207.000
  4.000 193.000
  9.000 202.000
  7.000 195.000
  7.000 205.000
  2.000 211.000
  1.000 214.000
  2.000 189.000
  9.000 198.000
  9.000 197.000
  9.000 203.000
  5.000 207.000
  3.000 209.000
  3.000 191.000
  5.000 193.000
  8.000 205.000
  8.000 195.000
  9.000 196.000
 10.000 200.000
 10.000 199.000
 10.000 201.000
  9.000 204.000
  7.000 194.000
  7.000 206.000
 10.000 197.000
 10.000 203.000
  0.000 231.000
  0.000 169.000
  2.000 188.000
  2.000 213.000
  2.000 187.000
  1.000 215.000
  1.000 185.000
  1.000 217.000
  1.000 219.000
  1.000 181.000
  1.000 183.000
  6.000 193.000
  6.000 207.000
  3.000 210.000
  3.000 190.000
  9.000 195.000
 11.000 199.000
 11.000 201.000
  9.000 205.000
  8.000 194.000
  8.000 206.000
  5.000 192.000
 11.000 198.000
 11.000 202.000
  5.000 208.000
  4.000 209.000
  4.000 191.000
  7.000 193.000
  7.000 207.000
 11.000 197.000
 11.000 203.000
 10.000 205.000
  9.000 194.000
 10.000 195.000
  3.000 211.000
  3.000 189.000
  2.000 186.000
  9.000 206.000
  8.000 193.000
 12.000 200.000
  8.000 207.000
 11.000 196.000
 12.000 201.000
 11.000 204.000
  5.000 191.000
 12.000 199.000
 12.000 202.000
  5.000 209.000
 12.000 203.000
  3.000 212.000
  2.000 214.000
  3.000 188.000
 12.000 197.000
  7.000 192.000
  9.000 193.000
 11.000 195.000
 11.000 205.000
  7.000 208.000
  9.000 207.000
  6.000 209.000
 12.000 204.000
  6.000 191.000
 11.000 194.000
 12.000 195.000
 11.000 206.000
  0.000 234.000
  0.000 166.000
 13.000 199.000
 13.000 201.000
  2.000 215.000
  2.000 216.000
  2.000 184.000
  2.000 185.000
 10.000 193.000
 12.000 205.000
  1.000 218.000
  1.000 182.000
 10.000 207.000
  1.000 220.000
  1.000 222.000
  1.000 178.000
  1.000 180.000
  5.000 190.000
 13.000 198.000
 13.000 202.000
  5.000 210.000
  4.000 189.000
  4.000 211.000
  9.000 192.000
  3.000 213.000
  3.000 187.000
  7.000 191.000
 13.000 197.000
 13.000 203.000
  9.000 208.000
  7.000 209.000
 12.000 194.000
 11.000 193.000
 12.000 206.000
  8.000 191.000
 11.000 207.000
  6.000 190.000
 13.000 196.000
 13.000 204.000
  8.000 209.000
  6.000 210.000
  4.000 188.000
 10.000 192.000
 10.000 208.000
  4.000 212.000
  5.000 189.000
  5.000 211.000
  3.000 214.000
  3.000 186.000
  2.000 217.000
  2.000 183.000
 12.000 193.000
 13.000 195.000
 14.000 199.000
 14.000 200.000
 14.000 201.000
 13.000 205.000
  9.000 191.000
 11.000 192.000
 14.000 198.000
 12.000 207.000
 14.000 202.000
  7.000 190.000
  9.000 209.000
  7.000 210.000
 11.000 208.000
 14.000 197.000
 14.000 203.000
 13.000 194.000
  3.000 185.000
  4.000 187.000
  8.000 190.000
 10.000 191.000
 13.000 206.000
  6.000 211.000
 10.000 209.000
  6.000 189.000
 14.000 196.000
 14.000 204.000
  8.000 210.000
 12.000 208.000
  5.000 212.000
  4.000 213.000
  3.000 215.000
  5.000 188.000
 12.000 192.000
 11.000 191.000
 13.000 193.000
 14.000 195.000
 11.000 209.000
 13.000 207.000
  9.000 210.000
 14.000 205.000
  7.000 189.000
  9.000 190.000
 14.000 194.000
 15.000 198.000
 15.000 199.000
 15.000 200.000
 15.000 201.000
ZONE I= 406 F=POINT
  0.000 200.000
  0.000 201.000
  0.000 199.000
  0.000 204.000
  0.000 196.000
  0.000 207.000
  0.000 193.000
  1.000 199.000
  1.000 201.000
  0.000 210.000
  0.000 190.000
  2.000 200.000
  2.000 199.000
  2.000 201.000
  0.000 213.000
  0.000 187.000
  1.000 202.000
  1.000 198.000
  3.000 199.000
  3.000 201.000
  0.000 216.000
  0.000 184.000
  1.000 203.000
  1.000 204.000
  1.000 196.000
  1.000 197.000
  3.000 202.000
  3.000 198.000
  4.000 200.000
  4.000 199.000
  4.000 201.000
  0.000 219.000
  0.000 181.000
  2.000 203.000
  1.000 205.000
  1.000 195.000
  2.000 197.000
  1.000 207.000
  1.000 193.000
  3.000 197.000
  3.000 203.000
  5.000 199.000
  5.000 201.000
  0.000 222.000
  0.000 178.000
  5.000 198.000
  1.000 206.000
  1.000 194.000
  4.000 197.000
  5.000 202.000
  1.000 208.000
  1.000 210.000
  1.000 190.000
  1.000 192.000
  4.000 203.000
  3.000 204.000
  2.000 205.000
  2.000 195.000
  3.000 196.000
  6.000 200.000
  6.000 199.000
  6.000 201.000
  2.000 207.000
  5.000 197.000
  5.000 203.000
  0.000 225.000
  0.000 175.000
  3.000 195.000
  3.000 205.000
  2.000 193.000
  1.000 209.000
  1.000 191.000
  1.000 213.000
  1.000 187.000
  6.000 197.000
  7.000 199.000
  7.000 201.000
  6.000 203.000
  5.000 196.000
  5.000 204.000
  4.000 205.000
  4.000 195.000
  7.000 198.000
  7.000 202.000
  3.000 206.000
  3.000 194.000
  1.000 211.000
  1.000 189.000
  7.000 197.000
  8.000 200.000
  8.000 199.000
  8.000 201.000
  7.000 203.000
  3.000 207.000
  3.000 193.000
  5.000 195.000
  5.000 205.000
  0.000 228.000
  0.000 172.000
  2.000 209.000
  2.000 191.000
  1.000 212.000
  1.000 188.000
  1.000 216.000
  1.000 184.000
  1.000 186.000
  7.000 196.000
  7.000 204.000
  3.000 208.000
  6.000 195.000
  6.000 205.000
  8.000 197.000
  8.000 203.000
  3.000 192.000
  5.000 194.000
  9.000 199.000
  9.000 201.000
  5.000 206.000
  4.000 207.000
  4.000 193.000
  9.000 202.000
  7.000 195.000
  7.000 205.000
  2.000 211.000
  1.000 214.000
  2.000 189.000
  9.000 198.000
  9.000 197.000
  9.000 203.000
  5.000 207.000
  3.000 209.000
  3.000 191.000
  5.000 193.000
  8.000 205.000
  8.000 195.000
  9.000 196.000
 10.000 200.000
 10.000 199.000
 10.000 201.000
  9.000 204.000
  7.000 194.000
  7.000 206.000
 10.000 197.000
 10.000 203.000
  0.000 231.000
  0.000 169.000
  2.000 213.000
  2.000 187.000
  1.000 215.000
  1.000 185.000
  1.000 217.000
  1.000 219.000
  1.000 181.000
  1.000 183.000
  6.000 193.000
  6.000 207.000
  3.000 210.000
  3.000 190.000
  9.000 195.000
 11.000 199.000
 11.000 201.000
  9.000 205.000
  8.000 206.000
  5.000 192.000
 11.000 198.000
 11.000 202.000
  5.000 208.000
  4.000 209.000
  4.000 191.000
  7.000 193.000
  7.000 207.000
 11.000 197.000
 11.000 203.000
 10.000 205.000
  9.000 194.000
 10.000 195.000
  3.000 211.000
  3.000 189.000
  9.000 206.000
  8.000 193.000
 12.000 200.000
  8.000 207.000
 11.000 196.000
 12.000 201.000
 11.000 204.000
  5.000 191.000
 12.000 199.000
  5.000 209.000
 12.000 203.000
  3.000 212.000
  3.000 188.000
 12.000 197.000
  7.000 192.000
  9.000 193.000
 11.000 195.000
 11.000 205.000
  7.000 208.000
  9.000 207.000
  6.000 209.000
  6.000 191.000
 11.000 194.000
 12.000 195.000
 11.000 206.000
  0.000 234.000
  0.000 166.000
 13.000 199.000
 13.000 201.000
  2.000 215.000
  2.000 216.000
  2.000 184.000
  2.000 185.000
 10.000 193.000
 12.000 205.000
  1.000 218.000
  1.000 182.000
 10.000 207.000
  1.000 220.000
  1.000 222.000
  1.000 178.000
  1.000 180.000
  5.000 190.000
 13.000 198.000
 13.000 202.000
  5.000 210.000
  4.000 189.000
  4.000 211.000
  9.000 192.000
  3.000 213.000
  3.000 187.000
  7.000 191.000
 13.000 197.000
 13.000 203.000
  9.000 208.000
  7.000 209.000
 11.000 193.000
  8.000 191.000
 11.000 207.000
 13.000 196.000
 13.000 204.000
  8.000 209.000
  4.000 188.000
 10.000 208.000
  5.000 189.000
  5.000 211.000
  3.000 214.000
  3.000 186.000
  2.000 217.000
  2.000 183.000
 12.000 193.000
 13.000 195.000
 14.000 199.000
 14.000 200.000
 14.000 201.000
 13.000 205.000
  9.000 191.000
 11.000 192.000
 12.000 207.000
  7.000 190.000
  9.000 209.000
  7.000 210.000
 11.000 208.000
 14.000 197.000
 14.000 203.000
 13.000 194.000
  3.000 185.000
  4.000 187.000
 10.000 191.000
 13.000 206.000
  6.000 211.000
 10.000 209.000
  6.000 189.000
 14.000 204.000
 12.000 208.000
  5.000 212.000
  4.000 213.000
  3.000 215.000
  5.000 188.000
 11.000 191.000
 13.000 193.000
 14.000 195.000
 11.000 209.000
 13.000 207.000
  9.000 210.000
 14.000 205.000
  7.000 189.000
  9.000 190.000
 15.000 198.000
 15.000 199.000
 15.000 201.000
  0.000 237.000
  0.000 163.000
  0.000 202.000
  0.000 198.000
  7.000 211.000
  2.000 218.000
  2.000 219.000
  2.000 181.000
  2.000 182.000
 15.000 202.000
  1.000 221.000
  1.000 179.000
  1.000 223.000
  1.000 225.000
  1.000 175.000
  1.000 177.000
 10.000 190.000
  3.000 184.000
  4.000 186.000
 15.000 197.000
 10.000 210.000
 12.000 191.000
  8.000 189.000
 15.000 203.000
  4.000 214.000
  3.000 216.000
 14.000 206.000
 12.000 209.000
 13.000 192.000
 15.000 196.000
  6.000 188.000
  8.000 211.000
  5.000 187.000
  6.000 212.000
  5.000 213.000
 15.000 204.000
 13.000 208.000
  9.000 189.000
 11.000 190.000
 14.000 193.000
 11.000 210.000
 15.000 195.000
 15.000 205.000
  9.000 211.000
 16.000 200.000
 16.000 199.000
 16.000 201.000
 14.000 207.000
  7.000 188.000
 16.000 198.000
 16.000 202.000
  4.000 215.000
  3.000 217.000
  3.000 183.000
  4.000 185.000
 12.000 190.000
 13.000 191.000
 15.000 194.000
  2.000 220.000
  2.000 180.000
 16.000 197.000
 16.000 203.000
 15.000 206.000
  7.000 212.000
 10.000 189.000
  5.000 186.000
  6.000 187.000
 13.000 209.000
 12.000 210.000
 10.000 211.000
 14.000 192.000
 14.000 208.000
  8.000 188.000
 16.000 196.000
 16.000 204.000
  8.000 212.000
 11.000 189.000
  6.000 213.000
  5.000 214.000
  4.000 216.000
  3.000 218.000
  3.000 182.000
  4.000 184.000
 15.000 193.000
 13.000 190.000
 16.000 195.000
 15.000 207.000
  9.000 188.000
 11.000 211.000
 16.000 205.000
 17.000 199.000
 17.000 200.000
 17.000 201.000
  5.000 185.000
  7.000 187.000
 12.000 189.000
 14.000 191.000
  9.000 212.000
  7.000 213.000
 13.000 210.000
 12.000 211.000
 10.000 188.000
 17.000 198.000
 17.000 202.000
 14.000 209.000
  5.000 215.000
  6.000 186.000
 15.000 192.000
 16.000 194.000
 16.000 206.000
 15.000 208.000
 10.000 212.000
  8.000 187.000
 16.000 193.000
 17.000 197.000
 17.000 196.000
 17.000 203.000
ZONE I= 514 F=POINT
  0.000 200.000
  0.000 201.000
  0.000 199.000
  0.000 204.000
  0.000 196.000
  0.000 207.000
  0.000 193.000
  1.000 199.000
  1.000 201.000
  0.000 210.000
  0.000 190.000
  2.000 200.000
  2.000 199.000
  2.000 201.000
  0.000 213.000
  0.000 187.000
  1.000 202.000
  1.000 198.000
  3.000 199.000
  3.000 201.000
  0.000 216.000
  0.000 184.000
  1.000 203.000
  1.000 204.000
  1.000 196.000
  1.000 197.000
  3.000 202.000
  3.000 198.000
  4.000 200.000
  4.000 199.000
  4.000 201.000
  0.000 219.000
  0.000 181.000
  2.000 203.000
  1.000 205.000
  1.000 195.000
  2.000 197.000
  1.000 207.000
  1.000 193.000
  3.000 197.000
  3.000 203.000
  5.000 199.000
  5.000 201.000
  0.000 222.000
  0.000 178.000
  5.000 198.000
  1.000 206.000
  1.000 194.000
  4.000 197.000
  5.000 202.000
  1.000 208.000
  1.000 210.000
  1.000 190.000
  1.000 192.000
  4.000 203.000
  3.000 204.000
  2.000 205.000
  2.000 195.000
  3.000 196.000
  6.000 200.000
  6.000 199.000
  6.000 201.000
  2.000 207.000
  5.000 197.000
  5.000 203.000
  0.000 225.000
  0.000 175.000
  3.000 195.000
  3.000 205.000
  2.000 193.000
  1.000 209.000
  1.000 191.000
  1.000 213.000
  1.000 187.000
  6.000 197.000
  7.000 199.000
  7.000 201.000
  6.000 203.000
  5.000 196.000
  5.000 204.000
  4.000 205.000
  4.000 195.000
  7.000 198.000
  7.000 202.000
  3.000 206.000
  3.000 194.000
  1.000 211.000
  1.000 189.000
  7.000 197.000
  8.000 200.000
  8.000 199.000
  8.000 201.000
  7.000 203.000
  3.000 207.000
  3.000 193.000
  5.000 195.000
  5.000 205.000
  0.000 228.000
  0.000 172.000
  2.000 209.000
  2.000 191.000
  1.000 212.000
  1.000 188.000
  1.000 216.000
  1.000 184.000
  1.000 186.000
  7.000 196.000
  7.000 204.000
  3.000 208.000
  6.000 195.000
  6.000 205.000
  8.000 197.000
  8.000 203.000
  3.000 192.000
  5.000 194.000
  9.000 199.000
  9.000 201.000
  5.000 206.000
  4.000 207.000
  4.000 193.000
  9.000 202.000
  7.000 195.000
  7.000 205.000
  2.000 211.000
  1.000 214.000
  2.000 189.000
  9.000 198.000
  9.000 197.000
  9.000 203.000
  5.000 207.000
  3.000 209.000
  3.000 191.000
  5.000 193.000
  8.000 205.000
  8.000 195.000
  9.000 196.000
 10.000 200.000
 10.000 199.000
 10.000 201.000
  9.000 204.000
  7.000 194.000
  7.000 206.000
 10.000 197.000
 10.000 203.000
  0.000 231.000
  0.000 169.000
  2.000 213.000
  2.000 187.000
  1.000 215.000
  1.000 185.000
  1.000 217.000
  1.000 219.000
  1.000 181.000
  1.000 183.000
  6.000 193.000
  6.000 207.000
  3.000 210.000
  3.000 190.000
  9.000 195.000
 11.000 199.000
 11.000 201.000
  9.000 205.000
  5.000 192.000
 11.000 198.000
 11.000 202.000
  5.000 208.000
  4.000 209.000
  4.000 191.000
  7.000 193.000
  7.000 207.000
 11.000 197.000
 11.000 203.000
 10.000 205.000
  9.000 194.000
 10.000 195.000
  3.000 211.000
  3.000 189.000
  9.000 206.000
  8.000 193.000
 12.000 200.000
  8.000 207.000
 11.000 196.000
 12.000 201.000
 11.000 204.000
  5.000 191.000
 12.000 199.000
  5.000 209.000
 12.000 203.000
  3.000 212.000
  3.000 188.000
 12.000 197.000
  7.000 192.000
  9.000 193.000
 11.000 195.000
 11.000 205.000
  7.000 208.000
  9.000 207.000
  6.000 209.000
  6.000 191.000
 11.000 194.000
 12.000 195.000
 11.000 206.000
  0.000 234.000
  0.000 166.000
 13.000 199.000
 13.000 201.000
  2.000 215.000
  2.000 184.000
  2.000 185.000
 10.000 193.000
 12.000 205.000
  1.000 218.000
  1.000 182.000
 10.000 207.000
  1.000 220.000
  1.000 222.000
  1.000 178.000
  1.000 180.000
  5.000 190.000
 13.000 198.000
 13.000 202.000
  5.000 210.000
  4.000 189.000
  4.000 211.000
  9.000 192.000
  3.000 213.000
  3.000 187.000
  7.000 191.000
 13.000 197.000
 13.000 203.000
  9.000 208.000
  7.000 209.000
 11.000 193.000
  8.000 191.000
 11.000 207.000
 13.000 196.000
 13.000 204.000
  8.000 209.000
 10.000 208.000
  5.000 189.000
  5.000 211.000
  3.000 214.000
  3.000 186.000
  2.000 217.000
  2.000 183.000
 12.000 193.000
 13.000 195.000
 14.000 199.000
 14.000 200.000
 14.000 201.000
 13.000 205.000
  9.000 191.000
 11.000 192.000
 12.000 207.000
  7.000 190.000
  9.000 209.000
  7.000 210.000
 11.000 208.000
 14.000 197.000
 14.000 203.000
 13.000 194.000
  3.000 185.000
  4.000 187.000
 10.000 191.000
 13.000 206.000
  6.000 211.000
 10.000 209.000
  6.000 189.000
 12.000 208.000
  5.000 212.000
  4.000 213.000
  3.000 215.000
  5.000 188.000
 11.000 191.000
 13.000 193.000
 14.000 195.000
 11.000 209.000
 13.000 207.000
  9.000 210.000
 14.000 205.000
  7.000 189.000
  9.000 190.000
 15.000 198.000
 15.000 199.000
 15.000 201.000
  0.000 237.000
  0.000 163.000
  0.000 202.000
  0.000 198.000
  7.000 211.000
  2.000 219.000
  2.000 181.000
 15.000 202.000
  1.000 221.000
  1.000 179.000
  1.000 223.000
  1.000 225.000
  1.000 175.000
  1.000 177.000
  3.000 184.000
 15.000 197.000
 12.000 191.000
  8.000 189.000
 15.000 203.000
  3.000 216.000
 12.000 209.000
 13.000 192.000
 15.000 196.000
  8.000 211.000
  5.000 187.000
  5.000 213.000
 15.000 204.000
 13.000 208.000
  9.000 189.000
 11.000 190.000
 14.000 193.000
 11.000 210.000
 15.000 195.000
 15.000 205.000
  9.000 211.000
 16.000 200.000
 16.000 199.000
 16.000 201.000
 14.000 207.000
  7.000 188.000
 16.000 202.000
  4.000 215.000
  3.000 217.000
  3.000 183.000
  4.000 185.000
 13.000 191.000
 15.000 194.000
  2.000 220.000
  2.000 180.000
 16.000 197.000
 16.000 203.000
 15.000 206.000
  7.000 212.000
 10.000 189.000
  5.000 186.000
  6.000 187.000
 13.000 209.000
 10.000 211.000
 14.000 208.000
 16.000 196.000
  8.000 212.000
 11.000 189.000
  6.000 213.000
  5.000 214.000
  3.000 218.000
  3.000 182.000
 15.000 193.000
 13.000 190.000
 16.000 195.000
 15.000 207.000
  9.000 188.000
 11.000 211.000
 16.000 205.000
 17.000 199.000
 17.000 201.000
  5.000 185.000
  7.000 187.000
 12.000 189.000
 14.000 191.000
  9.000 212.000
  7.000 213.000
 13.000 210.000
 12.000 211.000
 17.000 198.000
 17.000 202.000
 14.000 209.000
  5.000 215.000
 15.000 192.000
 16.000 206.000
 15.000 208.000
  8.000 187.000
 16.000 193.000
 17.000 197.000
 17.000 196.000
 17.000 203.000
  0.000 240.000
  0.000 160.000
  0.000 197.000
  6.000 214.000
  0.000 203.000
  2.000 221.000
  2.000 222.000
  2.000 178.000
  2.000 179.000
  1.000 224.000
  1.000 176.000
  1.000 226.000
  1.000 228.000
  1.000 172.000
  1.000 174.000
 11.000 188.000
  8.000 213.000
 17.000 204.000
  3.000 219.000
  3.000 181.000
  4.000 183.000
 11.000 212.000
 17.000 195.000
  9.000 187.000
 16.000 207.000
 13.000 189.000
 17.000 205.000
 14.000 190.000
 18.000 199.000
 18.000 200.000
  4.000 217.000
  7.000 186.000
 15.000 191.000
 18.000 201.000
 13.000 211.000
 12.000 188.000
  9.000 213.000
  7.000 214.000
  5.000 184.000
 18.000 198.000
 14.000 210.000
 17.000 194.000
 15.000 209.000
 12.000 212.000
  6.000 185.000
 10.000 187.000
  5.000 216.000
  6.000 215.000
 16.000 192.000
 18.000 202.000
 18.000 197.000
 17.000 206.000
  8.000 186.000
 18.000 203.000
 16.000 208.000
 10.000 213.000
 11.000 187.000
 17.000 193.000
 18.000 196.000
 18.000 204.000
  8.000 214.000
  4.000 218.000
  3.000 220.000
  3.000 180.000
  4.000 182.000
  2.000 223.000
  2.000 177.000
  7.000 185.000
 11.000 213.000
 13.000 188.000
 14.000 189.000
 15.000 190.000
  9.000 186.000
 17.000 207.000
 15.000 210.000
 14.000 211.000
 18.000 195.000
 13.000 212.000
  7.000 215.000
 18.000 205.000
 12.000 187.000
 16.000 191.000
 16.000 209.000
 12.000 213.000
 19.000 199.000
 19.000 200.000
 19.000 201.000
 19.000 198.000
 19.000 202.000
  9.000 214.000
  6.000 216.000
  5.000 217.000
  5.000 183.000
  6.000 184.000
 10.000 186.000
 17.000 192.000
 18.000 194.000
  4.000 219.000
  3.000 221.000
  3.000 179.000
  4.000 181.000
 19.000 197.000
 19.000 203.000
 18.000 206.000
 17.000 208.000
  8.000 185.000
 10.000 214.000
  8.000 215.000
  5.000 182.000
 14.000 188.000
 15.000 189.000
 16.000 190.000
 18.000 193.000
 19.000 196.000
 11.000 186.000
 19.000 204.000
 18.000 207.000
  6.000 183.000
  7.000 184.000
  9.000 185.000
 13.000 187.000
 17.000 191.000
 11.000 214.000
 16.000 210.000
 15.000 211.000
 14.000 212.000
 13.000 213.000
 12.000 186.000
 17.000 209.000
  7.000 216.000
 19.000 195.000
 19.000 205.000
 18.000 192.000
 19.000 194.000
